
10x10 A Matrix is 
0.000000 0.841471 0.909297 0.141120 -0.756802 -0.958924 -0.279415 0.656987 0.989358 0.412118 
-0.544021 -0.999990 -0.536573 0.420167 0.990607 0.650288 -0.287903 -0.961397 -0.750987 0.149877 
0.912945 0.836656 -0.008851 -0.846220 -0.905578 -0.132352 0.762558 0.956376 0.270906 -0.663634 
-0.988032 -0.404038 0.551427 0.999912 0.529083 -0.428183 -0.991779 -0.643538 0.296369 0.963795 
0.745113 -0.158623 -0.916522 -0.831775 0.017702 0.850904 0.901788 0.123573 -0.768255 -0.953753 
-0.262375 0.670229 0.986628 0.395925 -0.558789 -0.999755 -0.521551 0.436165 0.992873 0.636738 
-0.304811 -0.966118 -0.739181 0.167356 0.920026 0.826829 -0.026551 -0.855520 -0.897928 -0.114785 
0.773891 0.951055 0.253823 -0.676772 -0.985146 -0.387782 0.566108 0.999520 0.513978 -0.444113 
-0.993889 -0.629888 0.313229 0.968364 0.733190 -0.176076 -0.923458 -0.821818 0.035398 0.860069 
0.893997 0.105988 -0.779466 -0.948282 -0.245252 0.683262 0.983588 0.379608 -0.573382 -0.999207 


10x10 B Matrix is 
0.862319 0.892005 0.101586 -0.782231 -0.946868 -0.240959 0.686487 0.982780 0.375510 -0.577002 
-0.999021 -0.502544 0.455969 0.995267 0.619521 -0.325810 -0.971592 -0.724097 0.189129 0.928471 
0.814181 -0.048664 -0.866767 -0.887969 -0.092776 0.787715 0.943984 0.232359 -0.692896 -0.981106 
-0.367291 0.584209 0.998590 0.494872 -0.463829 -0.996088 -0.612548 0.334165 0.973649 0.717964 
-0.197814 -0.931722 -0.809010 0.057503 0.871147 0.883863 0.083959 -0.793136 -0.941026 -0.223741 
0.699251 0.979355 0.359044 -0.591370 -0.998081 -0.487161 0.471652 0.996831 0.605528 -0.342495 
-0.975629 -0.711775 0.206482 0.934900 0.803775 -0.066337 -0.875459 -0.879689 -0.075136 0.798496 
0.937995 0.215105 -0.705551 -0.977527 -0.350769 0.598484 0.997494 0.479412 -0.479439 -0.997496 
-0.598460 0.350797 0.977533 0.705530 -0.215135 -0.938005 -0.798478 0.075166 0.879703 0.875445 
0.066307 -0.803793 -0.934890 -0.206453 0.711796 0.975623 0.342466 -0.605552 -0.996829 -0.471626 


Resulting 10x10 Y Matrix is 
-0.348878 -0.262671 0.065035 0.332948 0.294751 -0.014439 -0.310354 -0.320930 -0.036445 0.281548 
0.035934 -0.383056 -0.449866 -0.103071 0.338487 0.468841 0.168145 -0.287143 -0.478433 -0.229854 
0.288576 0.905494 0.689904 -0.159980 -0.862780 -0.772344 0.028182 0.802797 0.839324 0.104181 
-0.520206 -1.136492 -0.707893 0.371540 1.109381 0.827262 -0.215438 -1.060065 -0.930073 0.055024 
0.584404 1.001703 0.498041 -0.463518 -0.998920 -0.615920 0.333354 0.976144 0.721472 -0.196519 
-0.460508 -0.544509 -0.127891 0.406309 0.566950 0.206340 -0.343978 -0.578045 -0.280659 0.274763 
0.188393 -0.087940 -0.283422 -0.218327 0.047497 0.269652 0.243890 -0.006103 -0.250485 -0.264573 
0.144357 0.692084 0.603513 -0.039926 -0.646656 -0.658854 -0.065305 0.588286 0.701009 0.169228 
-0.430644 -1.073476 -0.729359 0.285328 1.037685 0.836000 -0.134300 -0.981125 -0.925908 -0.019416 
0.578326 1.109363 0.620456 -0.438895 -1.094728 -0.744073 0.290679 1.058182 0.852798 -0.136645 

