
12x12 A Matrix is 
0.000000 0.841471 0.909297 0.141120 -0.756802 -0.958924 -0.279415 0.656987 0.989358 0.412118 -0.544021 -0.999990 
-0.536573 0.420167 0.990607 0.650288 -0.287903 -0.961397 -0.750987 0.149877 0.912945 0.836656 -0.008851 -0.846220 
-0.905578 -0.132352 0.762558 0.956376 0.270906 -0.663634 -0.988032 -0.404038 0.551427 0.999912 0.529083 -0.428183 
-0.991779 -0.643538 0.296369 0.963795 0.745113 -0.158623 -0.916522 -0.831775 0.017702 0.850904 0.901788 0.123573 
-0.768255 -0.953753 -0.262375 0.670229 0.986628 0.395925 -0.558789 -0.999755 -0.521551 0.436165 0.992873 0.636738 
-0.304811 -0.966118 -0.739181 0.167356 0.920026 0.826829 -0.026551 -0.855520 -0.897928 -0.114785 0.773891 0.951055 
0.253823 -0.676772 -0.985146 -0.387782 0.566108 0.999520 0.513978 -0.444113 -0.993889 -0.629888 0.313229 0.968364 
0.733190 -0.176076 -0.923458 -0.821818 0.035398 0.860069 0.893997 0.105988 -0.779466 -0.948282 -0.245252 0.683262 
0.983588 0.379608 -0.573382 -0.999207 -0.506366 0.452026 0.994827 0.622989 -0.321622 -0.970535 -0.727143 0.184782 
0.926819 0.816743 -0.044243 -0.864551 -0.889996 -0.097182 0.784980 0.945435 0.236661 -0.689698 -0.981952 -0.371404 
0.580611 0.998815 0.498713 -0.459903 -0.995687 -0.616040 0.329991 0.972630 0.721038 -0.193473 -0.930106 -0.811603 
0.053084 0.868966 0.885925 0.088369 -0.790433 -0.942514 -0.228052 0.696080 0.980240 0.363171 -0.587795 -0.998345 


12x12 B Matrix is 
0.871147 0.883863 0.083959 -0.793136 -0.941026 -0.223741 0.699251 0.979355 0.359044 -0.591370 -0.998081 -0.487161 
0.471652 0.996831 0.605528 -0.342495 -0.975629 -0.711775 0.206482 0.934900 0.803775 -0.066337 -0.875459 -0.879689 
-0.075136 0.798496 0.937995 0.215105 -0.705551 -0.977527 -0.350769 0.598484 0.997494 0.479412 -0.479439 -0.997496 
-0.598460 0.350797 0.977533 0.705530 -0.215135 -0.938005 -0.798478 0.075166 0.879703 0.875445 0.066307 -0.803793 
-0.934890 -0.206453 0.711796 0.975623 0.342466 -0.605552 -0.996829 -0.471626 0.487188 0.998083 0.591345 -0.359072 
-0.979361 -0.699229 0.223770 0.941037 0.793118 -0.083989 -0.883877 -0.871133 -0.057472 0.809028 0.931711 0.197784 
-0.717985 -0.973642 -0.334137 0.612572 0.996085 0.463802 -0.494898 -0.998592 -0.584184 0.367319 0.981111 0.692874 
-0.232388 -0.943994 -0.787696 0.092806 0.887983 0.866752 0.048634 -0.814198 -0.928460 -0.189100 0.724118 0.971585 
0.325781 -0.619544 -0.995264 -0.455942 0.502570 0.999022 0.576978 -0.375538 -0.982785 -0.686465 0.240988 0.946878 
0.782212 -0.101616 -0.892018 -0.862304 -0.039791 0.819306 0.925136 0.180401 -0.730194 -0.969452 -0.317400 0.626468 
0.994364 0.448047 -0.510203 -0.999374 -0.569726 0.383726 0.984382 0.680001 -0.249569 -0.949687 -0.776667 0.110417 
0.895984 0.857788 0.030945 -0.824348 -0.921740 -0.171688 0.736213 0.967243 0.308994 -0.633343 -0.993387 -0.440116 


Resulting 12x12 Y Matrix is 
1.146453 0.336635 -0.782684 -1.182407 -0.495031 0.647474 1.194695 0.643518 -0.499306 -1.183070 -0.779125 0.341144 
1.167079 0.904609 -0.189555 -1.109442 -1.009314 0.018773 1.029600 1.093817 0.152384 -0.929150 -1.156428 -0.320491 
0.823234 1.190079 0.462771 -0.690007 -1.208396 -0.615791 0.542969 1.202526 0.756486 -0.385064 -1.172588 -0.882040 
0.222301 1.103898 0.970577 -0.055088 -1.030105 -1.058048 -0.113226 0.935695 1.124343 0.279275 -0.822557 -1.168134 
-0.448056 0.672978 1.175279 0.597034 -0.530121 -1.169886 -0.734062 0.376654 1.141077 0.856398 -0.215649 -1.089429 
-0.978488 0.031892 1.012951 1.062707 0.135415 -0.916377 -1.125656 -0.300013 0.801461 1.166075 0.458605 -0.670505 
-1.203346 -0.619153 0.534286 1.196506 0.758663 -0.376691 -1.165717 -0.882988 0.211556 1.111596 0.989640 -0.042186 
-1.052409 -1.076842 -0.111232 0.956645 1.144986 0.280633 -0.841733 -1.190214 -0.444417 0.709974 1.211619 0.599306 
-0.572813 -1.198242 -0.722013 0.418031 1.173739 0.850317 -0.254883 -1.125745 -0.961602 0.086633 1.055218 1.053640 
0.085669 -0.945440 -1.107315 -0.251130 0.835943 1.154454 0.411565 -0.709714 -1.178486 -0.563763 0.569281 1.178931 
0.717396 -0.397385 -1.146812 -0.841865 0.237088 1.098064 0.949485 -0.072046 -1.027338 -1.038100 -0.094438 0.936051 
1.125087 0.274771 -0.828168 -1.169693 -0.435807 0.698757 1.190888 0.588122 -0.555361 -1.188247 -0.728664 0.400849 

